1746076073 393.44
1746076231 886.62
1746076231 726.34
1746077101 678.18
1746078050 563.71
1746078525 767.75
1746081373 61.89
1746081926 27.77
1746084616 798.39
1746086198 422.07
1746086910 891.81
1746088650 228.49
1746088887 391.31
1746089125 993.68
1746089362 270.70
1746090153 680.23
1746091023 444.14
1746094266 4.79
1746094583 195.47
1746094820 821.22
1746096007 442.46
1746097984 851.92
1746101069 332.99
1746103284 155.25
1746105657 556.17
1746107081 754.63
1746108110 184.45
1746111195 348.46
1746113726 885.01
1746116732 26.12
1746118314 623.55
1746122032 286.81
1746122032 236.03
1746125117 775.60
1746126620 994.05
1746126699 990.39
1746126857 31.89
1746128835 241.04
1746134926 39.40
1746135163 757.99
1746136904 963.38
1746137536 752.98
1746141887 580.31
1746143390 770.59
1746144735 538.01
1746146080 624.10
1746150984 841.67
1746156126 253.61
1746156759 121.68
1746158262 106.45
1746159053 815.36
1746160002 589.59
1746160397 714.01
1746161584 21.06
1746164511 160.19
1746166805 201.45
1746172659 197.03
1746176614 541.28
1746177009 687.34
1746177247 213.29
1746177642 143.62
1746179066 551.23
1746179620 9.55
1746181676 678.55
1746183338 456.53
1746184999 569.20
1746185552 316.87
1746187767 486.13
1746191169 418.56
1746191485 392.22
1746192988 953.92
1746193779 299.02
1746195757 765.34
1746195994 562.15
1746196073 443.04
1746199079 815.94
1746201294 35.65
1746201294 54.17
1746201769 906.55
1746202006 284.43
1746202402 90.98
1746202560 903.90
1746202639 64.58
1746205328 337.41
1746208018 316.93
1746210154 828.88
1746210787 226.78
1746211894 324.81
1746218222 747.58
1746218301 56.67
1746219567 473.10
1746221307 712.42
1746221703 729.30
1746222019 909.91
1746227873 202.52
1746228506 202.19
1746233252 132.08
1746234913 520.40
1746235072 554.64
1746235863 589.31
1746237919 677.21
1746238236 292.92
1746241400 396.37
1746242586 564.87
1746244485 247.99
1746245434 880.28
1746247491 209.54
1746248836 943.33
1746249864 695.64
1746249943 955.57
1746250339 58.53
1746251921 871.64
1746253740 440.57
1746255797 841.40
1746255955 124.58
1746256113 627.89
1746256667 400.22
1746257300 524.28
1746260780 699.42
1746261650 881.16
1746262283 368.30
1746262679 104.53
1746263391 833.52
1746265527 584.70
1746268928 447.49
1746270589 446.88
1746273200 127.51
1746273200 323.40
1746274386 87.44
1746276364 716.91
1746277471 65.19
1746277550 701.41
1746278974 737.14
1746281189 955.35
1746283483 119.79
1746285144 880.43
1746285856 448.96
1746286014 221.26
1746286094 419.72
1746289574 902.10
1746290049 391.31
1746290286 274.15
1746291235 902.58
1746291394 112.31
1746291394 673.06
1746292501 798.30
1746293925 354.53
1746295902 844.63
1746296535 981.75
1746297247 847.50
1746300016 431.07
1746301993 389.66
1746302547 65.86
1746302784 433.36
1746303022 225.62
1746304208 763.57
1746304762 376.60
1746304999 521.93
1746308955 53.87
1746309113 615.65
1746309587 649.37
1746311170 358.07
1746312752 593.74
1746313780 814.60
1746314413 796.99
1746315916 994.23
1746316311 547.04
1746318526 918.45
1746319555 952.24
1746320820 120.52
1746321453 838.92
1746324459 285.35
1746324775 421.61
1746325408 994.72
1746326278 460.28
1746326595 134.46
1746328335 48.16
1746328572 783.20
1746333951 116.37
1746336878 856.26
1746337037 749.99
1746339093 626.79
1746339963 782.98
1746340438 495.16
1746340517 518.17
1746341071 316.17
1746341704 604.63
1746343207 850.76
1746345263 814.97
1746348348 452.38
1746349772 445.33
1746351117 792.29
1746351433 16.02
1746352778 882.69
1746353015 506.12
1746354123 64.46
1746354281 690.12
1746357366 273.20
1746359107 433.73
1746360530 787.01
1746361796 247.60
1746361796 425.64
1746362587 404.31
1746364090 613.33
1746364723 985.87
1746365751 42.42
1746368757 304.30
1746372159 425.21
1746373029 969.94
1746373108 989.53
1746373345 849.82
1746374374 379.47
1746374927 200.96
1746377854 338.97
1746379674 773.40
1746380702 54.08
1746381097 77.52
1746381730 818.81
1746385685 693.04
1746386160 295.08
1746387742 20.29
1746389720 639.21
1746389799 172.73
1746390194 383.62
1746390273 847.32
1746390353 712.85
1746394070 538.47
1746394466 567.74
1746394703 486.04
1746395020 564.10
1746395020 557.66
1746396523 161.11
1746396918 128.51
1746397155 324.29
1746403247 433.82
1746404038 978.30
1746405541 497.18
1746409179 465.47
1746412423 881.04
1746412818 917.33
1746412897 441.36
1746413530 358.13
1746414717 536.36
1746415191 806.09
1746415349 397.96
1746415824 542.95
1746421678 33.42
1746421757 107.88
1746423260 348.28
1746424367 716.33
1746425870 700.95
1746426503 651.48
1746428164 653.95
1746429272 145.51
1746429588 79.65
1746429984 38.67
1746431091 146.31
1746431566 594.93
1746432119 596.18
1746433069 947.94
1746434334 276.86
1746435363 504.81
1746435442 749.69
1746435442 264.81
1746435442 142.19
1746435916 999.18
1746436233 797.66
1746436233 299.42
1746436628 878.38
1746436866 471.57
1746437261 633.75
1746437578 67.42
1746438210 773.40
1746438922 962.07
1746439397 439.56
1746442640 809.72
1746442798 841.85
1746443194 16.30
1746444697 822.60
1746446042 844.11
1746446437 23.44
1746449522 763.54
1746453240 219.37
1746453715 63.48
1746454822 59.27
1746455692 826.23
1746458698 101.90
1746459806 582.38
1746461309 55.79
1746462574 100.68
1746464394 325.54
1746464552 409.25
1746467242 198.92
1746468982 633.26
1746470959 776.06
1746471988 462.90
1746472858 345.62
1746475548 46.78
1746475627 862.61
1746476576 525.01
1746477762 329.91
1746479503 761.13
1746484803 284.68
1746485910 229.29
1746488362 668.26
1746489074 512.62
1746489865 789.12
1746492001 402.39
1746493662 151.80
1746493979 972.38
1746494295 49.90
1746495086 989.59
1746495403 570.48
1746498488 319.62
1746499832 363.14
1746501177 548.45
1746503392 312.48
1746503471 529.13
1746504341 998.90
1746506161 55.39
1746506952 318.43
1746509800 429.00
1746510591 899.32
1746510670 663.87
1746514862 327.01
1746515099 792.35
1746515416 523.73
1746515891 324.32
1746516365 439.41
1746516840 419.81
1746517077 854.85
1746517314 262.95
1746519213 211.28
1746519608 535.20
1746519846 167.79
1746520637 379.65
1746521823 460.77
1746525067 191.90
1746525541 935.33
1746525620 810.69
1746525779 447.58
1746527361 987.61
1746527598 505.29
1746528231 937.10
1746528547 388.26
1746528864 458.94
1746533531 625.93
1746535350 867.49
1746536774 99.00
1746537961 286.26
1746543340 77.73
1746543577 148.14
1746544210 805.41
1746545317 741.08
1746547769 628.59
1746548560 165.59
1746550380 476.15
1746551408 547.11
1746551646 979.16
1746553148 446.97
1746553386 992.83
1746554731 352.92
1746554968 547.44
1746556629 439.99
1746559793 9.06
1746560031 374.95
1746560742 283.94
1746561296 586.50
1746562957 291.97
1746564539 295.30
1746565963 902.74
1746566596 790.19
1746567229 382.27
1746568653 990.39
1746568969 148.56
1746570156 37.54
1746570551 372.08
1746571896 517.72
1746571896 494.83
1746572054 959.75
1746572687 511.64
1746572766 467.51
1746573636 599.23
1746576801 416.15
1746579807 981.63
1746580518 332.56
1746582575 165.23
1746584236 808.19
1746587559 458.20
1746587796 748.01
1746589932 954.01
1746591356 649.10
1746591909 342.33
1746592542 105.47
1746592542 268.87
1746592700 752.01
1746594362 618.27
1746594836 196.17
1746596497 138.22
1746598396 520.77
1746598633 180.94
1746601323 692.98
1746601560 401.17
1746601797 321.88
1746601956 815.73
1746605594 40.16
1746607414 333.93
1746613030 850.12
1746613742 67.78
1746614138 431.71
1746615008 107.21
1746616590 788.93
1746616748 436.14
1746619596 861.48
1746621336 782.34
1746621494 324.44
1746623155 685.90
1746624579 348.64
1746627032 884.85
1746627981 855.34
1746628376 187.75
1746628851 558.85
1746629246 604.72
1746629721 563.13
1746631066 84.02
1746634309 962.43
1746634784 661.09
1746634942 676.90
1746636049 524.89
1746637236 292.95
1746637711 78.07
1746639609 449.02
1746640479 273.51
1746640717 666.28
1746642220 180.06
1746643248 497.67
1746644593 702.66
1746644751 72.88
1746647282 497.39
1746647915 776.76
1746649734 908.93
1746652266 272.13
1746652582 629.51
1746652661 327.40
1746653373 806.60
1746656458 755.64
1746657487 278.30
1746657566 229.93
1746660334 781.12
1746661679 882.87
1746662233 42.82
1746663340 489.33
1746664764 8.18
1746666425 185.71
1746666979 51.61
1746671251 119.48
1746671884 280.53
1746672754 641.07
1746674652 976.32
1746675522 171.15
1746675680 939.66
1746677895 760.40
1746678133 13.28
1746681376 113.62
1746681534 762.54
1746681851 493.39
1746682563 795.56
1746684066 551.62
1746686043 3.63
1746686280 793.66
1746688179 828.42
1746689445 874.29
1746692688 620.29
1746692688 627.95
1746693400 212.44
1746693637 322.67
1746694270 190.62
1746696168 684.59
1746696406 626.30
1746696801 673.97
1746697830 772.36
1746698146 388.10
1746698779 913.33
1746701943 49.47
1746704633 792.05
1746705898 454.02
1746708825 386.18
1746710012 823.02
1746711040 15.05
1746711989 200.87
1746712701 306.99
1746712938 621.88
1746713967 292.64
1746713967 740.71
1746717368 626.73
1746718238 377.79
1746718318 671.59
1746718792 583.42
1746718950 766.69
1746719109 855.31
1746719583 714.32
1746719741 352.67
1746721640 535.08
1746722115 905.58
1746722668 288.98
1746726149 346.32
1746727256 531.14
1746728759 873.13
1746730183 83.35
1746731053 783.59
1746731923 450.64
1746733822 357.83
1746734534 70.22
1746735404 705.74
1746735562 914.33
1746736116 32.69
1746737065 247.02
1746738647 556.32
1746739913 266.46
1746740467 291.54
1746742761 140.87
1746743235 838.80
1746744185 248.88
1746744501 522.60
1746745213 719.72
1746745846 484.66
1746747270 499.71
1746749484 589.98
1746749722 636.37
1746751937 176.03
1746752649 206.21
1746753281 943.05
1746753519 464.31
1746754784 291.70
1746756683 962.07
1746757395 167.70
1746758819 698.81
1746759293 661.24
1746760875 874.11
1746763011 927.76
1746763802 452.04
1746764040 676.11
1746764514 208.38
1746767678 153.26
1746768628 424.67
1746769735 190.40
1746770447 234.41
1746772583 845.06
1746775272 104.56
1746775826 819.88
1746778674 620.65
1746780493 384.66
1746780731 330.70
1746780810 712.61
1746781838 150.91
1746784290 438.09
1746785872 859.46
1746788641 852.02
1746788957 792.44
1746790381 799.13
1746791014 400.40
1746792833 587.18
1746795918 188.15
1746796235 789.45
1746796472 453.51
1746796472 403.76
1746797026 498.34
1746800507 210.64
1746800665 839.32
1746800744 636.04
1746801456 911.25
1746803592 741.75
1746804541 542.01
1746805253 308.76
1746805411 655.51
1746806281 95.65
1746807072 918.52
1746807468 776.85
1746807468 241.04
1746808417 228.71
1746809524 354.01
1746810711 318.34
1746810948 684.74
1746811423 546.53
1746811977 555.56
1746812926 129.67
1746813321 282.36
1746814429 606.04
1746815932 6.50
1746817197 297.40
1746819096 488.11
1746820678 979.61
1746822102 750.51
1746824238 583.00
1746825503 948.09
1746825662 863.37
1746827165 530.08
1746827481 713.61
1746827876 256.63
1746828509 649.83
1746828668 641.50
1746829854 985.99
1746833651 262.58
1746833967 401.32
1746836736 163.88
1746837211 832.39
1746842273 606.13
1746842906 504.62
1746842906 663.96
1746843697 962.86
1746843855 325.14
1746844409 861.96
1746847257 356.55
1746848127 41.54
1746848760 421.22
1746849472 557.45
1746849472 942.87
1746854535 777.00
1746854930 897.09
1746856196 842.04
1746856512 107.70
1746856987 90.91
1746857699 207.80
1746859043 429.33
1746861337 335.06
1746863078 435.62
1746864264 454.73
1746867982 777.00
1746869881 603.90
1746871937 107.94
1746873282 853.69
1746876209 398.97
1746876367 973.11
1746877316 124.21
1746878582 292.12
1746878661 256.48
1746878899 282.85
1746880955 979.34
1746881430 866.15
1746881984 69.43
1746882300 170.45
1746883407 852.75
1746885227 807.89
1746885385 371.01
1746885939 550.83
1746888154 710.17
1746890843 412.27
1746891001 869.47
1746892188 199.50
1746894245 299.14
1746894561 575.06
1746894957 149.02
1746895036 547.75
1746895194 499.74
1746896697 49.17
1746897013 689.23
1746897488 284.07
1746898279 838.04
1746898437 684.41
1746898833 240.49
1746899703 154.45
1746900810 885.25
1746905794 877.96
1746907930 735.62
1746915207 847.80
1746916473 918.64
1746919004 851.77
1746924225 431.47
1746927310 620.14
1746930870 867.15
1746934192 596.33
1746935062 161.96
1746936882 530.29
1746938147 709.16
1746938859 512.68
1746940916 329.94
1746941865 169.87
1746947086 939.30
1746950883 885.68
1746951516 344.77
1746952149 727.13
1746953335 226.94
1746954838 74.59
1746955708 12.70
1746957211 186.41
1746958082 374.55
1746959426 952.06
1746962116 156.53
1746962828 287.09
1746964885 457.29
1746965596 313.52
1746966625 389.57
1746970422 331.16
1746970501 913.54
1746972795 34.09
1746972874 489.79
1746974377 217.17
1746976275 489.79
1746976355 841.21
1746977225 492.93
1746977778 468.34
1746977858 68.06
1746979044 397.14
1746980705 228.10
1746980864 468.83
1746981575 101.02
1746982366 232.70
1746982920 913.85
1746983553 887.54
1746985293 280.77
1746986243 381.05
1746987271 734.98
1746987746 247.32
1746988141 919.19
1746988141 472.46
1746992175 167.67
1746992887 111.55
1746993520 282.30
1746994311 398.97
1746995340 529.22
1746996763 171.64
1746998345 92.20
1746999295 31.13
1747000402 728.08
1747001114 446.91
1747002775 186.86
1747003329 897.52
1747005148 803.22
1747007996 197.61
1747009657 68.39
1747010369 940.43
1747012268 671.68
1747012901 364.36
1747014641 304.88
1747015274 683.49
1747018201 350.60
1747018359 819.57
1747018913 379.68
1747018992 65.03
1747020178 661.67
1747020969 21.79
1747021602 117.40
1747022472 660.73
1747023738 706.66
1747025557 839.99
1747026427 404.43
1747030383 798.30
1747032202 762.84
1747032597 209.27
1747032914 633.75
1747033468 166.60
1747033547 904.35
1747034259 847.01
1747035920 983.76
1747036474 635.82
1747037344 725.27
1747038847 749.29
1747040112 288.52
1747042723 82.22
1747043830 578.42
1747044700 612.66
1747045650 626.76
1747046520 475.39
1747048893 807.98
1747052215 38.39
1747055221 973.57
1747055696 132.60
1747055933 907.99
1747056329 729.94
1747056487 280.86
1747058148 415.75
1747058148 666.43
1747058860 892.61
1747060047 934.17
1747061391 59.82
1747066533 572.86
1747069618 517.29
1747071042 651.08
1747071358 988.53
1747071754 131.17
1747075314 352.21
1747075393 302.41
1747075946 984.01
1747079190 210.33
1747080534 560.20
1747080851 748.47
1747080930 977.32
1747084885 700.40
1747086230 342.45
1747087100 667.26
1747087258 527.33
1747087417 777.37
1747087496 393.48
1747091925 347.18
1747092875 225.53
1747093112 19.99
1747093349 483.29
1747094378 7.81
1747098016 434.52
1747098808 300.24
1747099361 340.13
1747100231 243.72
1747100390 26.12
1747103079 559.31
1747104187 460.55
1747104661 117.10
1747110594 386.06
1747111148 829.04
1747111543 820.55
1747112255 378.95
1747112492 725.39
1747113758 858.36
1747115024 573.02
1747116764 284.65
1747119612 103.15
1747123330 264.20
1747124358 292.55
1747124833 810.21
1747127127 263.74
1747128709 986.24
1747129974 168.49
1747133218 276.16
1747136224 815.85
1747137410 74.80
1747137648 486.77
1747138201 122.10
1747140970 2.41
1747142236 424.85
1747142394 757.29
1747142631 966.80
1747143501 440.23
1747146270 775.81
1747147615 630.15
1747149039 35.25
1747151333 718.19
1747153627 463.61
1747154259 338.51
1747156316 310.53
1747160588 236.00
1747162723 172.22
1747163910 569.60
1747165176 623.28
1747167074 968.63
1747169052 105.08
1747169131 346.02
1747169447 265.30
1747169685 197.00
1747170476 124.45
1747173165 389.90
1747173165 304.97
1747173244 947.60
1747174114 209.30
1747175301 674.61
1747175934 433.21
1747176962 353.92
1747177437 396.53
1747179968 79.84
1747182262 342.54
1747182658 918.61
1747183211 972.90
1747183686 873.68
1747185110 636.22
1747185743 945.89
1747186059 539.99
1747187167 894.56
1747188986 340.56
1747191992 868.31
1747193574 464.43
1747193653 685.08
1747193811 62.26
1747198162 985.90
1747199270 514.48
1747200456 397.84
1747202275 181.49
1747202275 504.47
1747202275 220.53
1747203858 592.82
1747203937 713.71
1747204649 408.70
1747204649 371.96
1747206468 973.51
1747208604 867.89
1747209632 990.69
1747210344 984.04
1747212243 557.88
1747214537 964.17
1747215723 825.22
1747219599 782.43
1747223792 963.41
1747225848 125.25
1747227747 675.62
1747228142 149.63
1747229250 184.15
1747229804 699.21
1747230120 931.09
1747230278 136.91
1747231307 740.07
1747231623 331.77
1747232968 72.21
1747235024 311.47
1747235499 273.26
1747236211 592.09
1747238268 541.83
1747239850 635.88
1747239929 910.34
1747240324 799.43
1747243172 264.38
1747243410 879.54
1747244201 754.69
1747245229 519.73
1747245229 405.32
1747245704 765.95
1747246336 330.09
1747246415 117.80
1747248630 915.10
1747248868 447.92
1747252348 474.07
1747255117 527.21
1747257727 271.00
1747257886 536.94
1747258439 856.62
1747260971 28.63
1747261129 488.88
1747261445 50.87
1747263344 322.79
1747265717 170.78
1747265717 332.50
1747265875 218.88
1747266429 214.30
1747267694 244.00
1747268565 177.19
1747269277 835.60
1747270384 810.94
1747271096 345.04
1747274418 389.26
1747280747 747.06
1747280826 654.62
1747281379 53.29
1747282170 649.89
1747282645 951.99
1747283199 358.20
1747284227 71.41
1747284385 579.27
1747285335 370.22
1747286521 857.51
1747286679 4.73
1747287154 283.06
1747289844 723.99
1747292058 482.99
1747292612 837.21
1747294748 990.48
1747297438 326.33
1747300839 411.02
1747301709 353.56
1747302342 418.99
1747302817 507.71
1747303133 920.19
1747303449 271.83
1747304478 385.94
1747304557 12.70
1747305190 869.11
1747306693 638.02
1747307563 618.18
1747308749 942.93
1747308908 363.08
1747313021 684.50
1747314761 765.89
1747314919 160.04
1747315473 373.55
1747316502 61.62
1747317134 137.61
1747317609 287.55
1747318716 612.84
1747320773 5.95
1747321010 345.65
1747324412 78.71
1747324649 145.63
1747325282 115.94
1747325440 136.88
1747325519 458.48
1747333351 934.72
1747333904 680.78
1747335407 228.25
1747335407 191.99
1747335566 387.83
1747338888 68.54
1747344030 530.08
1747346166 90.15
1747347273 836.63
1747348460 172.55
1747354155 420.06
1747356133 49.23
1747358268 943.54
1747360958 780.69
1747361433 62.38
1747363094 176.34
1747363410 58.50
1747364755 252.97
1747366021 973.27
1747367603 312.72
1747369739 533.01
1747370134 504.26
1747370530 414.35
1747372270 213.05
1747373456 145.85
1747373852 849.36
1747377095 962.71
1747377886 745.84
1747378756 782.46
1747380338 415.66
1747380497 125.16
1747380655 826.90
1747382000 318.89
1747383898 104.86
1747384452 537.58
1747384531 648.98
1747385480 58.81
1747386113 422.44
1747386192 56.31
1747386350 228.80
1747387300 745.20
1747388723 695.76
1747389040 834.44
1747389989 178.53
1747391413 772.85
1747391650 88.08
1747394261 730.25
1747396871 476.45
1747399877 251.99
1747400668 203.83
1747405573 76.60
1747405573 643.54
1747406047 954.37
1747406126 37.45
1747406680 769.92
1747407867 4.67
1747408025 720.60
1747408025 123.45
1747408104 502.49
1747410714 680.07
1747413562 921.57
1747419970 283.70
1747420365 491.23
1747421314 538.96
1747428196 284.34
1747428196 121.98
1747429225 679.80
1747430253 745.29
1747432152 806.30
1747432784 108.71
1747433022 380.29
1747435711 672.69
1747435790 79.93
1747436581 424.70
1747438638 86.58
1747438796 794.12
1747443938 615.16
1747446786 676.53
1747448684 632.56
1747449396 806.18
1747449713 34.18
1747449871 455.46
1747451057 196.42
1747452402 559.47
1747453351 785.00
1747454696 148.72
1747454854 682.30
1747455171 946.29
1747456357 654.01
1747457939 643.51
1747458414 334.88
1747458889 57.31
1747459205 819.85
1747460550 809.50
1747460787 399.12
1747461736 300.97
1747465296 496.17
1747465929 237.07
1747470121 416.21
1747470359 467.39
1747470438 986.57
1747472495 86.31
1747472811 378.61
1747473127 577.23
1747473523 44.07
1747474077 19.04
1747475580 786.19
1747475817 622.06
1747478111 294.23
1747480484 392.47
1747480880 797.42
1747481591 70.77
1747481591 594.71
1747482857 20.63
1747482936 598.59
1747484202 442.98
1747485072 373.82
1747485072 673.45
1747486338 85.27
1747487603 682.79
1747488790 742.76
1747490530 446.85
1747491559 681.11
1747491875 360.36
1747492191 422.44
1747493774 436.20
1747494169 912.23
1747494723 447.68
1747497570 612.69
1747497966 688.80
1747498045 68.03
1747498203 613.09
1747501130 996.67
1747504927 851.13
1747505718 956.54
1747507221 958.07
1747507933 720.15
1747508012 46.05
1747508724 717.73
1747512442 330.12
1747512679 558.95
1747513629 634.08
1747513787 537.58
1747514261 150.76
1747516397 92.50
1747517742 833.34
1747517742 615.80
1747518217 504.75
1747518375 449.63
1747518929 813.04
1747524703 748.95
1747525257 253.55
1747526997 796.56
1747526997 175.57
1747528817 709.52
1747529608 263.25
1747530952 987.85
1747532614 493.15
1747534354 574.11
1747535382 521.35
1747535382 963.90
1747535699 1.86
1747539021 167.79
1747542976 546.68
1747544875 151.65
1747545587 797.51
1747545745 610.55
1747549384 858.00
1747549779 50.20
1747550649 515.88
1747551440 632.40
1747552627 636.16
1747553260 156.44
1747553734 298.35
1747556740 666.98
1747556978 408.06
1747556978 958.07
1747560063 96.65
1747560695 668.29
1747561249 252.39
1747561645 755.79
1747562278 733.73
1747562278 389.87
1747564097 57.41
1747565283 607.75
1747566628 976.74
1747568052 307.93
1747570346 132.57
1747572640 878.96
1747573431 333.41
1747573985 617.02
1747575488 919.34
1747575963 853.79
1747577465 895.32
1747577703 988.59
1747577861 594.53
1747579443 568.83
1747579601 479.87
1747582765 19.10
1747584189 89.21
1747584822 649.04
1747585139 138.07
1747585850 468.34
1747587274 925.81
1747588461 596.18
1747589647 517.11
1747590755 797.11
1747591625 669.97
1747592574 213.02
1747592812 865.63
1747594156 966.77
1747597083 891.54
1747597162 842.34
1747597241 727.56
1747597400 333.51
1747600327 508.74
1747600880 192.54
1747602225 153.08
1747603807 974.06
1747607446 420.09
1747608079 581.01
1747610373 940.95
1747611006 590.81
1747613932 904.87
1747613932 242.19
1747615514 625.20
1747616622 616.69
1747616938 197.52
1747617650 987.76
1747619865 891.17
1747619944 216.10
1747625798 470.78
1747629911 544.33
1747630149 27.89
1747633550 639.33
1747633708 561.17
1747634737 291.36
1747634974 944.03
1747637664 627.70
1747638138 862.09
1747639167 247.60
1747639958 100.07
1747641381 50.08
1747644308 648.06
1747644783 433.06
1747647393 821.77
1747647789 814.94
1747648184 939.54
1747650162 704.64
1747652614 673.82
1747654434 176.92
1747659022 625.17
1747659654 471.33
1747659734 144.32
1747660762 153.94
1747662265 616.26
1747664084 973.78
1747667169 702.32
1747669542 335.98
1747669701 2.90
1747670096 931.79
1747672390 380.08
1747672707 125.89
1747673419 254.40
1747673656 295.39
1747676662 773.71
1747677295 335.28
1747679035 922.91
1747681250 685.81
1747684493 692.25
1747685205 679.53
1747687657 459.03
1747689477 585.25
1747690505 438.98
1747695014 570.06
1747695172 843.71
1747695963 139.62
1747697941 263.77
1747699444 655.02
1747701896 349.96
1747702212 695.46
1747703241 864.68
1747704269 150.94
1747704506 3.33
1747704665 551.23
1747706168 136.36
1747707591 314.68
1747708936 477.61
1747709094 112.19
1747709727 644.55
1747710518 987.64
1747710914 989.35
1747714632 518.30
1747715976 561.05
1747716056 997.38
1747717084 197.97
1747720406 658.93
1747722859 492.81
1747724441 272.44
1747725153 838.62
1747727763 77.82
1747731006 249.98
1747731323 418.29
1747733696 221.66
1747734724 81.88
1747736939 79.74
1747738363 474.35
1747739233 110.11
1747741606 680.20
1747743030 445.20
1747746194 164.56
1747747381 864.77
1747747460 761.96
1747748805 408.46
1747749200 75.20
1747750861 351.36
1747751731 78.25
1747751811 675.56
1747752681 702.51
1747755528 495.04
1747756003 612.69
1747756478 556.69
1747756952 937.86
1747759009 409.62
1747761857 461.38
1747763043 959.90
1747763834 240.33
1747764546 249.28
1747767869 736.96
1747770321 376.02
1747771191 714.99
1747771270 636.86
1747772061 593.16
1747773327 789.70
1747773643 62.26
1747775621 660.66
1747775937 292.06
1747777757 578.20
1747779022 710.84
1747781475 415.30
1747781554 74.16
1747785588 941.68
1747785746 216.68
1747785825 93.02
1747788357 901.06
1747789148 804.10
1747790967 548.75
1747791916 36.41
1747792866 290.63
1747793340 992.03
1747795080 247.05
1747795713 135.87
1747797137 445.11
1747797849 777.89
1747798403 50.26
1747798957 131.23
1747800301 234.02
1747801251 527.09
1747801409 208.62
1747801488 324.96
1747807816 911.40
1747808528 691.95
1747809161 897.24
1747811850 273.60
1747813512 869.69
1747814065 907.83
1747815568 293.83
1747816280 375.87
1747816913 841.09
1747817150 786.83
1747818416 483.11
1747821264 401.87
1747826326 340.80
1747827118 44.25
1747828937 471.08
1747829095 94.27
1747829807 652.55
1747830835 584.19
1747831310 442.55
1747832417 576.34
1747833209 716.39
1747833604 911.19
1747839774 356.55
1747840644 473.49
1747840803 513.32
1747842464 229.26
1747847052 489.33
1747847210 784.26
1747852510 547.41
1747854804 237.65
1747859867 278.27
1747862793 268.32
1747864613 969.66
1747867856 451.00
1747871099 732.44
1747871416 292.70
1747872919 875.00
1747873235 341.84
1747873552 247.20
1747873552 223.15
1747874896 856.69
1747875371 475.39
1747876083 462.11
1747876795 154.64
1747876953 467.70
1747877269 198.49
1747877269 948.73
1747878060 151.62
1747880196 435.83
1747880908 975.10
1747884072 860.01
1747886683 196.63
1747890163 731.19
1747893723 720.11
1747901871 530.90
1747902187 766.38
1747902345 174.87
1747902741 588.49
1747906221 598.65
1747906301 584.86
1747906538 118.38
1747907250 468.46
1747908357 43.37
1747909227 758.63
1747909781 825.04
1747910177 274.61
1747910414 480.67
1747910572 952.42
1747911284 908.44
1747911363 232.06
1747913815 715.63
1747916030 213.05
1747918087 699.33
1747919036 397.87
1747919274 375.53
1747920777 630.51
1747921805 618.92
1747931535 778.86
1747932168 640.92
1747932168 463.67
1747932405 905.82
1747933591 362.50
1747933829 116.58
1747934224 114.23
1747936123 789.21
1747936518 290.90
1747936518 987.06
1747941660 795.65
1747946960 600.85
1747947356 421.64
1747948147 219.92
1747949412 147.98
1747949887 554.31
1747951232 755.03
1747951390 943.91
1747952339 862.33
1747953921 638.45
1747956057 786.74
1747958351 235.97
1747958509 573.44
1747958509 201.45
1747961357 309.09
1747962702 547.17
1747962860 526.26
1747963097 70.80
1747963651 120.55
1747965075 315.41
1747966261 637.78
1747967132 626.67
1747967211 859.31
1747968555 962.10
1747972511 710.84
1747977178 602.59
1747978522 47.24
1747979076 493.61
1747979393 788.63
1747979946 20.11
1747980263 262.58
1747981845 160.19
1747982082 539.35
1747985405 939.39
1747985721 715.54
1747986275 847.80
1747986354 533.25
1747987303 605.52
1747988015 875.06
1747988410 544.88
1747989043 353.04
1747990625 85.76
1747990704 91.74
1747991970 528.00
1747994818 772.79
1747995530 791.65
1747996163 54.75
1747996400 273.81
1747996954 973.66
1747997587 135.78
1747998773 586.29
1747998852 491.56
1747998931 255.26
1747999010 438.09
1748001858 185.49
1748002412 551.96
1748005181 280.62
1748005734 874.02
1748006525 417.43
1748006842 359.81
1748007000 318.98
1748007000 269.36
1748007791 147.74
1748008345 714.10
1748009294 907.56
1748009769 786.03
1748010085 673.24
1748011746 469.07
1748016888 641.83
1748016967 258.80
1748017363 650.96
1748020210 297.83
1748020527 382.27
1748021397 188.18
1748022109 829.16
1748022188 127.66
1748022583 631.46
1748027567 367.90
1748029940 636.49
1748033421 449.84
1748033579 788.29
1748034924 744.74
1748035398 90.67
1748035477 620.41
1748036110 918.49
1748036189 480.76
1748036347 905.61
1748036901 577.47
1748038562 495.04
1748039433 45.75
1748040065 192.05
1748040144 857.57
1748041331 592.73
1748042201 537.89
1748042280 831.14
1748043150 657.28
1748045049 872.07
1748045365 109.87
1748045682 391.61
1748046710 542.74
1748047580 188.79
1748048292 889.43
1748049400 585.01
1748051535 643.06
1748053434 431.81
1748054304 46.11
1748054383 559.04
1748054700 414.84
1748054858 315.35
1748056203 267.25
1748056519 858.15
1748056598 586.57
1748057626 446.33
1748057706 14.25
1748059129 543.60
1748060158 308.30
1748061028 362.44
1748062452 174.23
1748063559 200.02
1748064034 816.37
1748065458 343.82
1748067277 347.64
1748067673 86.79
1748069808 265.45
1748070916 333.41
1748071944 636.04
1748072340 388.38
1748072973 102.36
1748076295 415.42
1748077719 503.10
1748079143 160.62
1748081199 439.80
1748081911 788.84
1748082228 496.38
1748084205 419.93
1748084284 378.52
1748084284 123.63
1748084917 686.97
1748084917 837.82
1748086974 97.26
1748093777 937.96
1748095517 703.33
1748096229 383.16
1748096704 204.50
1748099314 974.73
1748099472 373.70
1748100422 988.13
1748100580 756.98
1748101371 768.03
1748102478 623.55
1748102716 60.79
1748103032 90.27
1748104931 253.58
1748105168 257.52
1748106038 25.88
1748106671 715.14
1748107699 869.38
1748108095 77.76
1748108569 288.89
1748109360 975.31
1748109519 410.63
1748109598 10.93
1748111971 66.59
1748113078 977.17
1748116717 466.23
1748117983 977.08
1748118932 925.63
1748121226 401.20
1748121938 248.48
1748122254 230.11
1748124390 314.04
1748125577 722.37
1748126605 559.95
1748131510 943.51
1748135386 74.22
1748140211 561.08
1748140290 527.18
1748140448 872.52
1748143138 194.92
1748144641 408.49
1748146697 947.94
1748147093 256.36
1748150020 207.53
1748151286 879.94
1748151523 286.32
1748151602 388.35
1748151839 159.79
1748152235 113.01
1748152393 285.74
1748155162 525.19
1748157930 488.69
1748159275 725.09
1748163626 716.61
1748163705 407.42
1748163784 285.01
1748169242 163.64
1748169321 508.13
1748170587 216.47
1748173039 492.17
1748175650 851.50
1748176520 873.62
1748176599 428.33
1748176678 400.28
1748177073 507.28
1748177785 427.84
1748180079 718.04
1748180633 847.01
1748182136 124.06
1748182769 281.47
1748183164 442.24
1748186170 102.36
1748186803 167.64
1748188069 144.32
1748191549 801.57
1748194002 395.25
1748195030 507.19
1748195584 660.48
1748199302 415.97
1748199302 889.92
1748201833 652.64
1748203257 404.43
1748204760 427.84
1748206658 438.31
1748208478 304.70
1748214094 911.31
1748216388 364.76
1748217179 684.10
1748218207 502.70
1748218998 636.95
1748219869 936.19
1748220027 83.86
1748220660 178.14
1748221055 372.75
1748223349 683.16
1748224852 249.00
1748225089 624.10
1748225564 343.58
1748226592 965.61
1748227146 736.69
1748227542 419.08
1748232367 677.42
1748234028 492.97
1748237271 714.26
1748238933 374.16
1748240910 57.22
1748242888 827.97
1748243283 593.83
1748244786 225.96
1748247792 503.13
1748248583 66.65
1748251827 862.21
1748251985 64.49
1748252380 844.11
1748252776 12.67
1748257047 44.56
1748257285 475.88
1748258471 943.94
1748261240 953.06
1748261556 999.54
1748261715 780.45
1748262743 16.17
1748263059 41.20
1748263297 564.93
1748264562 605.43
1748266461 311.56
1748268359 282.72
1748269704 629.35
1748270653 78.25
1748270812 859.83
1748272077 317.88
1748272315 800.07
1748273422 83.50
1748273897 425.18
1748274688 436.32
1748275716 755.82
1748276586 717.09
1748280858 824.88
1748280858 930.05
1748281728 486.22
1748282994 815.88
1748283943 717.09
1748285050 588.40
1748288847 309.82
1748289955 193.91
1748291537 193.33
1748291616 354.69
1748293435 181.37
1748293752 253.06
1748294543 650.56
1748294938 895.11
1748295334 0.03
1748295413 727.16
1748295571 72.33
1748297549 896.94
1748299526 251.14
1748300476 201.91
1748302770 235.79
1748303323 534.65
1748303481 298.01
1748304035 677.08
1748305696 225.50
1748306487 944.12
1748307832 751.73
1748308861 305.46
1748310522 370.43
1748311708 814.17
1748313686 789.48
1748314635 216.50
1748317246 590.93
1748317404 136.48
1748321517 433.91
1748323337 569.60
1748324365 664.05
1748325077 29.21
1748326817 78.31
1748327054 934.45
1748329428 109.93
1748329586 901.88
1748332117 412.43
1748332987 605.70
1748334016 45.26
1748338050 814.20
1748340739 898.43
1748341135 76.54
1748341372 337.20
1748342638 685.32
1748343033 228.34
1748345723 172.83
1748345723 292.70
1748345723 68.85
1748350232 953.58
1748352921 437.51
1748353317 152.81
1748354741 769.77
1748355295 405.07
1748360199 710.96
1748362968 56.31
1748363838 150.61
1748364945 70.28
1748367002 333.45
1748367239 522.78
1748367318 737.48
1748370957 497.60
1748372618 859.25
1748373251 739.40
1748374042 491.68
1748374121 314.43
1748375150 324.41
1748375229 802.18
1748376969 24.11
1748378709 865.99
1748379738 235.42
1748382585 696.92
1748384405 259.19
1748384800 965.76
1748386936 845.64
1748389626 599.05
1748389705 536.61
1748391129 852.32
1748391920 971.80
1748396429 959.59
1748397853 78.77
1748398248 318.12
1748398248 98.48
1748399118 842.65
1748399514 326.73
1748402520 791.22
1748403073 541.37
1748403152 356.91
1748405367 479.84
1748406000 553.36
1748407424 534.44
1748407503 615.59
1748407503 54.66
1748407740 822.90
1748415493 273.11
1748417391 766.05
1748419923 864.53
1748421584 258.03
1748422137 375.99
1748423087 165.81
1748423324 274.91
1748423957 997.68
1748424748 633.26
1748426093 373.82
1748432421 967.35
1748432975 865.99
1748432975 49.78
1748433133 654.10
1748433528 586.72
1748436772 487.23
1748437484 849.70
1748438512 757.13
1748439145 159.03
1748439778 350.38
1748440252 906.86
1748443258 213.14
1748445157 859.80
1748445473 987.79
1748446106 258.19
1748446976 569.17
1748448954 73.37
1748449112 857.14
1748450694 428.85
1748451564 322.95
1748455282 819.36
1748455994 158.30
1748456152 222.85
1748456706 572.16
1748458446 721.98
1748458842 193.21
1748460898 866.76
1748461136 487.32
1748461294 521.74
1748462560 637.59
1748463667 134.89
1748463667 702.54
1748463904 106.17
1748467385 345.32
1748470312 901.52
1748470470 637.87
1748472052 438.43
1748474267 305.92
1748474504 239.14
1748476165 265.82
1748477273 315.23
1748478934 597.77
1748480516 773.67
1748481465 115.45
1748482573 565.75
1748483285 574.45
1748484630 288.03
1748485421 499.92
1748486924 68.18
1748487082 761.83
1748487477 757.47
1748488347 862.94
1748488743 98.12
1748489297 503.16
1748492777 199.07
1748492935 220.04
1748495229 831.32
1748496970 816.40
1748500609 183.02
1748505117 189.55
1748505750 640.31
1748508756 308.88
1748509231 937.99
1748511920 537.43
1748512237 995.73
1748512395 623.71
1748513740 585.59
1748513819 995.61
1748514056 931.55
1748514531 293.62
1748516904 583.09
1748518249 198.83
1748520068 619.74
1748521017 91.43
1748522283 409.13
1748522837 909.21
1748524261 371.07
1748526001 359.66
1748527820 351.02
1748529956 890.10
1748530193 7.39
1748531380 201.61
1748532962 501.33
1748534386 895.99
1748536522 830.23
1748536680 77.21
1748537075 363.26
1748537787 349.71
1748538341 335.67
1748538737 878.02
1748540319 618.58
1748541031 53.35
1748547517 326.12
1748548308 293.44
1748550523 222.91
1748551868 995.82
1748553766 640.13
1748554241 357.71
1748554557 492.87
1748555665 718.99
1748555823 794.18
1748557405 924.74
1748559936 693.08
1748560728 355.48
1748561281 969.33
1748562231 152.35
1748562626 542.92
1748564445 201.54
1748566502 555.04
1748566660 470.02
1748567372 312.75
1748571248 492.75
1748572435 275.43
1748575757 417.68
1748575757 444.81
1748576786 804.96
1748578289 259.10
1748579475 158.45
1748579633 742.61
1748580424 392.86
1748581769 908.05
1748582956 158.73
1748583430 371.01
1748585329 31.40
1748585408 559.59
1748586120 475.11
1748588018 451.58
1748588889 237.65
1748589205 670.37
1748590233 655.38
1748590471 724.97
1748591420 103.46
1748592053 954.22
1748592211 661.49
1748592686 556.90
1748593397 433.33
1748594109 339.95
1748596087 764.15
1748599805 697.38
1748601229 682.03
1748601862 68.27
1748604630 371.84
1748605659 548.08
1748606054 81.97
1748606291 111.12
1748606371 909.27
1748606766 58.53
1748606845 913.60
1748606924 199.16
1748606924 390.91
1748608111 604.36
1748610405 446.39
1748612224 765.50
1748614044 153.57
1748614676 26.61
1748615151 719.84
1748615705 175.91
1748617999 219.31
1748619502 269.54
1748621796 415.94
1748622982 747.61
1748623536 682.76
1748623536 978.00
1748623694 481.55
1748624248 851.04
1748625909 491.20
1748631051 970.70
1748633345 165.07
1748634848 414.44
1748636667 359.08
1748637300 237.98
1748637775 671.90
1748638487 32.53
1748639990 881.95
1748642917 980.59
1748643628 719.29
1748645131 765.19
1748645843 822.72
1748647267 478.19
1748647425 391.95
1748648216 154.58
1748649403 697.29
1748655652 871.00
1748656602 666.13
1748657393 305.70
1748657788 113.74
1748658816 838.74
1748660082 185.49
