1746069032 688
1746071564 645
1746071801 50
1746072829 302
1746073067 712
1746077259 913
1746077655 180
1746078287 769
1746079474 318
1746081373 248
1746081531 743
1746081768 539
1746083825 115
1746087147 479
1746088175 185
1746089441 769
1746089837 810
1746091498 413
1746091656 6
1746093159 240
1746094820 107
1746095849 732
1746096007 141
1746097114 402
1746101386 918
1746106686 899
1746107556 60
1746107714 912
1746110641 188
1746110720 769
1746112381 504
1746112540 261
1746112777 185
1746112935 652
1746115466 252
1746115545 74
1746118551 765
1746119105 374
1746119580 216
1746121320 12
1746121399 659
1746121636 286
1746121953 489
1746122427 215
1746123298 166
1746123772 837
1746123772 534
1746124168 251
1746127095 283
1746130180 287
1746130654 91
1746131050 271
1746135954 660
1746136983 915
1746138327 905
1746140068 594
1746142836 422
1746143232 761
1746143865 882
1746148848 447
1746149481 587
1746149956 845
1746151459 929
1746155651 409
1746156126 186
1746156838 239
1746157471 653
1746158894 698
1746160318 719
1746162059 598
1746163799 397
1746164194 261
1746166884 249
1746170048 526
1746170760 501
1746171630 850
1746174003 22
1746175902 678
1746177167 772
1746177484 496
1746178670 236
1746178670 768
1746179936 345
1746180332 149
1746181123 127
1746181993 812
1746183654 507
1746186581 418
1746187846 524
1746190378 813
1746190694 410
1746191090 734
1746192434 923
1746193305 88
1746195994 1
1746196073 568
1746196152 104
1746197497 200
1746198367 836
1746198446 550
1746200345 928
1746201136 550
1746201136 278
1746202955 938
1746203114 576
1746203746 74
1746204696 977
1746205566 892
1746206752 722
1746208334 859
1746209205 44
1746209442 69
1746209521 518
1746209600 675
1746210391 133
1746210866 906
1746213160 378
1746215137 334
1746215375 37
1746215928 875
1746216166 366
1746216799 65
1746217510 390
1746218460 237
1746221070 784
1746221545 593
1746222019 627
1746222573 986
1746225184 135
1746225342 664
1746228585 155
1746228901 448
1746230404 563
1746233173 326
1746233252 915
1746233648 527
1746234755 51
1746235625 322
1746241242 107
1746245118 28
1746245830 169
1746245988 578
1746247333 752
1746250101 848
1746251683 533
1746255085 57
1746255243 929
1746256350 853
1746258170 193
1746260780 451
1746260859 26
1746261492 577
1746262046 924
1746262916 460
1746263312 737
1746265289 9
1746266476 762
1746267030 489
1746267267 329
1746267346 527
1746267425 4
1746270273 346
1746270510 102
1746272804 162
1746273832 449
1746274940 603
1746276047 957
1746276285 317
1746276364 677
1746278262 576
1746281031 196
1746281506 424
1746281506 23
1746281901 705
1746283879 14
1746284670 664
1746286331 853
1746287359 664
1746289416 679
1746290207 647
1746291156 137
1746292817 145
1746292896 181
1746294716 453
1746294953 345
1746295032 97
1746298117 620
1746300174 683
1746300490 814
1746301044 810
1746304762 703
1746306819 973
1746306819 311
1746306977 10
1746308005 673
1746308084 623
1746308638 655
1746315204 636
1746316311 203
1746316707 163
1746318131 796
1746322402 924
1746323193 812
1746324538 985
1746326516 136
1746329522 177
1746329838 141
1746330154 283
1746332765 999
1746332765 334
1746333240 786
1746333872 894
1746334031 499
1746335534 998
1746336483 810
1746339093 589
1746339489 170
1746341071 880
1746341783 36
1746344472 870
1746345263 752
1746346687 639
1746346766 223
1746347004 669
1746348823 150
1746349060 889
1746352224 196
1746352936 575
1746354518 765
1746355705 564
1746356180 761
1746356892 234
1746358632 28
1746360056 642
1746365039 335
1746365514 484
1746365672 251
1746367096 134
1746370418 786
1746372871 518
1746375797 805
1746377775 820
1746378724 159
1746379120 493
1746382363 617
1746384420 278
1746384973 80
1746385765 727
1746386081 238
1746386318 190
1746387821 906
1746387979 983
1746388296 539
1746389799 665
1746391776 771
1746394782 103
1746403088 861
1746403958 290
1746404275 67
1746404749 464
1746406173 138
1746406252 728
1746406569 402
1746407281 857
1746408230 258
1746408467 522
1746408705 458
1746409258 380
1746410761 938
1746412502 551
1746412739 278
1746416773 418
1746417643 566
1746418593 598
1746419858 261
1746420017 932
1746421203 405
1746422231 890
1746422469 76
1746427215 558
1746427452 808
1746430221 63
1746431328 675
1746431487 396
1746433939 867
1746435600 929
1746436866 665
1746439318 581
1746441216 649
1746442957 45
1746443431 651
1746444539 353
1746444618 368
1746445251 291
1746448336 966
1746452133 959
1746452528 236
1746452924 860
1746455139 915
1746455376 751
1746456009 134
1746456167 989
1746460992 164
1746462100 850
1746463207 108
1746464315 735
1746468270 213
1746468428 882
1746470564 120
1746471909 686
1746471988 346
1746473174 374
1746474677 428
1746477446 863
1746479028 520
1746479424 989
1746481559 830
1746482192 888
1746482904 629
1746484724 329
1746485910 741
1746486543 844
1746487255 65
1746487255 841
1746488521 358
1746489628 842
1746491131 691
1746491210 108
1746491210 295
1746491685 230
1746492792 541
1746493583 957
1746495007 816
1746495956 612
1746496352 818
1746498013 88
1746500940 761
1746502285 56
1746504104 175
1746504341 75
1746504737 444
1746505132 43
1746505844 811
1746505923 185
1746506398 957
1746511144 386
1746512252 568
1746515099 145
1746516682 830
1746516840 784
1746519371 623
1746519371 403
1746521270 301
1746521270 367
1746521823 378
1746522219 804
1746523485 568
1746527993 281
1746528073 406
1746528389 919
1746530129 55
1746530287 516
1746532502 546
1746534638 147
1746535983 568
1746539463 456
1746539938 682
1746541441 730
1746541758 494
1746542628 721
1746542865 215
1746547928 281
1746551329 708
1746552357 447
1746554019 902
1746554177 294
1746554414 615
1746554731 370
1746556234 596
1746557183 682
1746559477 571
1746560584 938
1746560980 635
1746565251 391
1746567308 144
1746572450 624
1746574507 334
1746575377 551
1746577987 165
1746578778 977
1746579411 843
1746580202 222
1746580677 873
1746581072 81
1746586372 539
1746588903 335
1746589774 889
1746590169 466
1746593254 777
1746595786 522
1746597288 598
1746599345 915
1746600057 188
1746600215 217
1746600611 912
1746601085 405
1746603300 18
1746603379 659
1746604171 356
1746607176 405
1746607730 565
1746608126 41
1746609154 544
1746609708 554
1746612239 560
1746614612 612
1746614929 350
1746617539 331
1746618014 87
1746619596 699
1746620703 615
1746622364 297
1746624896 873
1746626952 659
1746626952 207
1746628139 816
1746629167 467
1746631540 349
1746632648 94
1746632806 14
1746634230 131
1746634388 203
1746634942 576
1746637631 694
1746638423 497
1746639055 766
1746639134 644
1746639451 440
1746640242 31
1746641270 758
1746642457 297
1746643327 282
1746643643 491
1746645225 116
1746646096 202
1746646412 472
1746648706 256
1746648785 823
1746649893 116
1746650130 117
1746652899 855
1746656300 576
1746661521 325
1746661679 509
1746662628 201
1746662707 608
1746662866 726
1746670301 24
1746670934 280
1746671488 56
1746672358 430
1746674494 744
1746675680 855
1746676076 760
1746676392 643
1746677737 503
1746677816 188
1746679161 14
1746680189 908
1746680348 79
1746682879 315
1746684540 469
1746686280 99
1746687546 430
1746687783 770
1746687942 252
1746688179 826
1746689682 378
1746691580 808
1746692530 29
1746692925 793
1746693795 364
1746693954 237
1746694507 328
1746696643 463
1746696722 26
1746699886 700
1746702180 934
1746704237 690
1746704395 72
1746706531 975
1746708904 406
1746709062 201
1746709774 530
1746716894 932
1746721086 843
1746721798 902
1746722747 391
1746722906 688
1746723380 208
1746723934 860
1746723934 179
1746724883 800
1746725911 791
1746730895 450
1746733426 209
1746736037 47
1746737540 528
1746738726 186
1746739596 489
1746740150 301
1746740229 972
1746740467 882
1746744343 264
1746746716 11
1746751146 469
1746753598 652
1746754468 197
1746755180 793
1746755338 682
1746756208 497
1746756683 507
1746756920 314
1746759056 473
1746760796 143
1746762774 436
1746763090 499
1746763802 303
1746764593 50
1746767362 955
1746767916 15
1746768944 20
1746769577 376
1746769735 228
1746770052 523
1746770368 704
1746771713 643
1746771950 354
1746773848 165
1746776143 820
1746776617 276
1746782154 472
1746786347 617
1746788483 473
1746790460 294
1746792675 817
1746797501 990
1746798133 132
1746798687 574
1746801298 692
1746802880 835
1746802959 491
1746807626 131
1746811502 43
1746812214 43
1746812451 134
1746813163 626
1746813163 637
1746814033 904
1746814350 853
1746814824 240
1746815141 851
1746818384 657
1746819254 163
1746819412 39
1746820124 946
1746821074 653
1746821944 868
1746823605 313
1746824871 430
1746824950 430
1746825266 996
1746831436 715
1746833651 133
1746835866 28
1746836499 840
1746836578 162
1746837369 740
1746838160 798
1746838318 340
1746838714 108
1746838793 960
1746839030 723
1746839821 574
1746841008 127
1746841561 515
1746841799 118
1746842669 579
1746843381 519
1746843539 71
1746844567 752
1746845754 804
1746845912 655
1746846624 137
1746849551 118
1746850026 416
1746851924 816
1746852557 683
1746853269 591
1746853427 367
1746853506 773
1746853902 731
1746855088 428
1746858094 862
1746859123 622
1746859281 674
1746859755 737
1746862208 549
1746863157 130
1746866084 522
1746868694 127
1746869564 133
1746869643 70
1746869802 64
1746869960 756
1746870593 446
1746870830 490
1746871305 954
1746871858 464
1746874864 546
1746876130 104
1746876921 279
1746879531 667
1746879531 117
1746880481 601
1746880876 128
1746881430 314
1746886967 940
1746889498 196
1746889973 243
1746891001 490
1746891555 532
1746893770 17
1746893928 907
1746896143 936
1746896381 974
1746896539 992
1746896934 513
1746898437 254
1746898595 919
1746899070 300
1746903737 887
1746903816 276
1746903816 550
1746903974 342
1746904607 619
1746905873 526
1746906743 835
1746908800 787
1746910224 546
1746910461 533
1746911173 300
1746915286 406
1746915524 705
1746915761 848
1746917818 139
1746918767 878
1746919479 343
1746920507 976
1746920824 515
1746923039 260
1746924779 155
1746925491 546
1746928892 926
1746929130 227
1746929367 457
1746929367 410
1746933638 151
1746938147 738
1746939650 994
1746941707 356
1746942419 358
1746943131 399
1746943131 888
1746944476 171
1746946295 50
1746948826 106
1746949776 324
1746951120 690
1746951516 663
1746953019 687
1746953810 214
1746956658 474
1746957370 736
1746957370 264
1746959585 449
1746966783 561
1746969393 693
1746969710 55
1746969710 750
1746972874 626
1746972953 531
1746973902 667
1746975010 478
1746975089 936
1746975247 280
1746975564 834
1746977304 675
1746979202 291
1746981655 983
1746981971 732
1746983790 580
1746985135 304
1746985689 82
1746987192 375
1746991622 889
1746992096 467
1746992334 444
1746993916 806
1746993995 823
1746995814 636
1746997950 167
1746999137 820
1746999769 731
1747000481 462
1747000560 787
1747002063 696
1747002301 471
1747003171 834
1747008945 935
1747009341 477
1747010923 170
1747011635 226
1747013059 752
1747013850 505
1747015748 985
1747016144 317
1747021207 6
1747022314 361
1747024054 407
1747024212 72
1747024924 437
1747025004 142
1747026981 231
1747027298 636
1747029750 59
1747032756 245
1747034021 429
1747036869 609
1747037739 693
1747040191 421
1747041774 714
1747042960 708
1747048497 379
1747051108 283
1747054193 80
1747055142 474
1747056566 596
1747057832 725
1747059493 235
1747064555 573
1747072308 208
1747073336 575
1747073336 978
1747074364 311
1747074839 249
1747075709 972
1747077845 496
1747079111 748
1747080218 58
1747080455 764
1747081167 527
1747082591 743
1747083461 888
1747085202 100
1747085281 106
1747086309 253
1747086784 341
1747086863 298
1747087021 356
1747087812 580
1747088049 631
1747089078 253
1747090027 955
1747091134 590
1747091688 617
1747093982 372
1747094378 720
1747098175 604
1747098887 825
1747100706 599
1747103237 361
1747104582 707
1747104582 362
1747104740 685
1747105452 709
1747106006 429
1747108063 275
1747113125 965
1747113204 582
1747113204 36
1747113758 569
1747115419 731
1747116764 802
1747117318 219
1747118663 300
1747122064 101
1747122697 518
1747123251 355
1747123488 554
1747128313 154
1747129658 130
1747130449 418
1747131398 701
1747134009 845
1747135512 490
1747135591 921
1747137173 253
1747137331 570
1747137489 902
1747137727 7
1747138439 824
1747139151 943
1747141049 831
1747142394 804
1747143422 319
1747143659 615
1747143897 996
1747145400 971
1747147852 645
1747148959 199
1747149197 714
1747151095 62
1747151253 81
1747153310 301
1747154576 232
1747155683 20
1747155841 677
1747162328 99
1747162407 445
1747162803 897
1747163119 46
1747163594 22
1747163910 62
1747164780 993
1747166204 679
1747166520 38
1747169289 756
1747170317 454
1747170555 796
1747170634 761
1747171504 275
1747173165 671
1747175697 404
1747175776 10
1747175934 459
1747177041 704
1747177516 179
1747177991 818
1747178386 346
1747180917 816
1747181076 630
1747181708 370
1747183449 194
1747183607 277
1747184082 737
1747184477 428
1747185585 848
1747185585 337
1747186534 694
1747187958 102
1747189302 302
1747189935 24
1747190093 607
1747190726 213
1747191438 529
1747192704 193
1747194128 380
1747194444 924
1747195631 198
1747199823 134
1747200061 737
1747200614 250
1747202355 449
1747203937 777
1747204965 66
1747205202 875
1747207338 711
1747208446 485
1747208604 260
1747210740 595
1747212163 25
1747213192 85
1747215407 895
1747215960 277
1747216831 113
1747216910 462
1747217859 467
1747217938 368
1747218017 735
1747218413 483
1747218650 85
1747219837 468
1747223634 530
1747224425 5
1747226956 893
1747231623 788
1747232256 776
1747232493 46
1747232889 158
1747234866 208
1747235183 272
1747235657 971
1747236053 823
1747237398 676
1747238189 889
1747238426 283
1747238505 395
1747239454 126
1747239692 439
1747240483 997
1747241511 9
1747244438 94
1747245624 32
1747245783 906
1747246653 82
1747247760 534
1747249975 350
1747257015 209
1747257174 446
1747258360 149
1747261129 844
1747262711 267
1747262790 995
1747263977 996
1747265242 620
1747266271 43
1747266745 547
1747270068 768
1747270859 827
1747271254 649
1747273627 135
1747275526 434
1747275763 414
1747276396 52
1747277662 399
1747277978 726
1747277978 84
1747279006 817
1747279560 455
1747279560 356
1747280114 358
1747281142 246
1747281775 387
1747283911 613
1747284148 859
1747285730 803
1747289685 832
1747289923 95
1747290081 208
1747290714 428
1747291030 658
1747291109 581
1747292058 436
1747293720 164
1747294273 743
1747294669 284
1747298940 901
1747300602 235
1747301472 143
1747301630 984
1747302184 199
1747302500 867
1747302817 561
1747304478 501
1747304715 574
1747304952 140
1747306851 481
1747307484 323
1747308433 418
1747308512 348
1747308828 321
1747310727 490
1747311439 159
1747311518 1
1747312309 381
1747312625 856
1747314287 280
1747314366 462
1747315711 8
1747317688 75
1747320378 631
1747322197 242
1747322434 933
1747323542 490
1747323858 341
1747324016 697
1747324966 41
1747325994 603
1747327734 412
1747331294 206
1747331452 648
1747331690 486
1747334695 241
1747335170 31
1747337939 436
1747339679 378
1747341340 191
1747344109 511
1747345375 256
1747347906 553
1747348539 847
1747348697 434
1747349488 744
1747349567 523
1747350674 763
1747351149 401
1747351228 481
1747352494 830
1747353285 112
1747353760 762
1747354234 599
1747354471 315
1747357319 671
1747357477 982
1747357794 826
1747358110 383
1747358189 92
1747358348 297
1747363648 735
1747364201 357
1747364992 255
1747366100 948
1747366574 591
1747368394 788
1747369343 157
1747370213 349
1747374247 87
1747374722 270
1747376383 503
1747378440 381
1747378440 315
1747381288 690
1747384847 125
1747385401 71
1747386825 967
1747388328 952
1747388882 874
1747389673 782
1747391176 249
1747396159 985
1747396555 846
1747398691 962
1747400431 38
1747401538 521
1747401617 620
1747402171 773
1747403911 841
1747404465 417
1747405731 502
1747409765 505
1747409765 942
1747411347 771
1747412138 296
1747412613 46
1747413246 371
1747414432 597
1747414907 13
1747416964 364
1747420286 449
1747420365 873
1747420998 699
1747423608 609
1747427722 629
1747428908 430
1747430095 979
1747430332 983
1747432389 71
1747438243 473
1747439350 436
1747439983 670
1747440457 332
1747440616 340
1747441486 874
1747443463 182
1747444729 451
1747444966 376
1747446548 461
1747447577 491
1747448289 864
1747450504 648
1747451057 296
1747451532 224
1747451848 566
1747453035 654
1747453826 403
1747453905 430
1747453984 103
1747455962 768
1747458019 498
1747458572 712
1747460075 219
1747460471 996
1747461420 265
1747461974 163
1747462211 811
1747462923 912
1747464030 531
1747464584 33
1747466008 322
1747467748 741
1747469014 759
1747469963 496
1747472178 492
1747472653 720
1747474156 553
1747474947 750
1747476924 164
1747478190 384
1747478190 847
1747478348 787
1747479139 236
1747479535 240
1747479535 810
1747481117 117
1747482857 734
1747482857 327
1747484835 381
1747485863 596
1747486496 83
1747488157 485
1747488711 64
1747488948 970
1747490926 684
1747491954 610
1747493062 179
1747494802 362
1747495197 265
1747496226 409
1747500814 32
1747502396 827
1747502712 33
1747502791 107
1747504532 669
1747505639 27
1747505718 891
1747506272 732
1747507854 452
1747508329 111
1747510860 524
1747511809 676
1747512758 110
1747512758 897
1747514736 517
1747515764 989
1747519878 900
1747521697 980
1747525336 639
1747525652 676
1747525731 631
1747525811 967
1747526523 547
1747530557 213
1747535382 713
1747543134 371
1747544321 760
1747547010 716
1747548197 57
1747548751 404
1747550649 908
1747551915 390
1747552231 101
1747557057 446
1747560537 895
1747561724 157
1747561803 974
1747562357 363
1747562752 763
1747563464 744
1747564809 601
1747568843 455
1747569239 439
1747580788 224
1747581025 263
1747582212 194
1747583161 774
1747583794 852
1747585218 455
1747586562 950
1747586958 257
1747587116 669
1747588936 510
1747590913 318
1747592653 275
1747592970 569
1747593286 214
1747595897 900
1747596609 545
1747598824 417
1747600643 699
1747605310 256
1747605468 971
1747606971 30
1747606971 341
1747611322 968
1747612746 72
1747613537 789
1747614407 392
1747616464 432
1747617097 694
1747617650 376
1747618125 452
1747618995 597
1747621289 794
1747621605 626
1747622397 999
1747623188 196
1747624928 995
1747625482 341
1747627064 985
1747627143 851
1747627380 763
1747629832 29
1747630307 348
1747631335 807
1747632680 398
1747633787 591
1747634341 3
1747635686 545
1747637901 655
1747637901 425
1747642410 425
1747642964 966
1747644783 19
1747646049 301
1747648264 993
1747649134 755
1747651981 746
1747656095 562
1747658389 314
1747658943 486
1747659180 173
1747661711 45
1747662423 776
1747664163 305
1747668198 398
1747668593 266
1747668672 600
1747672628 841
1747673339 365
1747676504 266
1747676662 41
1747677769 349
1747678719 262
1747679668 591
1747685284 469
1747691850 134
1747693669 224
1747698574 136
1747700235 80
1747702371 944
1747704269 694
1747705377 753
1747707591 195
1747707750 178
1747707829 35
1747713208 410
1747713603 35
1747714632 522
1747718666 558
1747720644 335
1747721672 718
1747725232 267
1747727447 785
1747728158 320
1747735357 392
1747736939 213
1747737809 959
1747738758 715
1747740103 243
1747740578 58
1747740815 638
1747741290 253
1747743742 225
1747744137 832
1747744533 835
1747746273 958
1747748093 775
1747748726 351
1747749437 409
1747750228 839
1747750782 238
1747751731 681
1747755133 685
1747755528 595
1747756715 345
1747757822 963
1747759246 742
1747761461 872
1747763993 933
1747765100 212
1747767236 387
1747769134 978
1747770400 286
1747775779 366
1747776333 267
1747778310 744
1747780367 612
1747781079 535
1747782345 655
1747782819 635
1747784164 333
1747786063 593
1747786221 878
1747787170 311
1747787645 801
1747788515 598
1747789860 558
1747794527 467
1747795160 647
1747797295 889
1747798086 272
1747798245 382
1747799194 62
1747799431 528
1747799510 877
1747799748 107
1747800539 420
1747800539 878
1747800934 497
1747801171 600
1747802991 713
1747803545 591
1747804415 712
1747805048 387
1747806709 529
1747807579 339
1747808053 134
1747810189 564
1747810427 114
1747811139 633
1747812483 779
1747812721 412
1747812800 813
1747812958 572
1747813195 862
1747815015 724
1747815885 49
1747816518 934
1747817230 220
1747818337 60
1747818495 683
1747818653 249
1747818970 881
1747823479 87
1747824349 387
1747825852 307
1747826089 201
1747827118 298
1747827355 616
1747829332 682
1747829886 259
1747830361 839
1747831468 634
1747831547 561
1747832338 806
1747832417 90
1747834791 809
1747835423 218
1747836294 694
1747836452 984
1747837876 160
1747838192 615
1747839458 808
1747843808 909
1747845707 914
1747846340 320
1747847052 127
1747847605 264
1747848001 869
1747848871 241
1747850058 478
1747851007 900
1747853143 7
1747855832 34
1747856861 554
1747859867 728
1747860737 86
1747861370 714
1747862477 303
1747863268 585
1747863347 742
1747864534 533
1747864929 667
1747865404 359
1747865641 594
1747867935 424
1747869280 809
1747870308 428
1747871969 11
1747872049 640
1747872919 935
1747875055 271
1747879563 701
1747881937 698
1747882095 747
1747882174 883
1747884547 466
1747885022 229
1747887316 304
1747887395 614
1747887553 355
1747888344 733
1747888581 323
1747890875 314
1747891666 876
1747892220 962
1747895542 176
1747895542 508
1747895780 162
1747898311 172
1747899419 457
1747901080 769
1747901317 366
1747901792 646
1747902583 531
1747902978 528
1747903136 731
1747903848 122
1747904165 781
1747905351 572
1747905430 155
1747907171 267
1747907566 508
1747908990 379
1747909307 941
1747909465 772
1747909544 915
1747910810 727
1747911205 602
1747912945 388
1747913420 748
1747917138 905
1747918403 333
1747923387 783
1747925048 342
1747925760 447
1747928845 472
1747929003 441
1747929557 393
1747931377 55
1747931614 493
1747935332 22
1747935490 210
1747936597 272
1747937388 513
1747937547 97
1747937784 825
1747938654 525
1747938971 388
1747940236 124
1747943638 610
1747943954 523
1747944350 321
1747946802 267
1747947593 313
1747949175 658
1747952418 393
1747952576 669
1747954396 954
1747954950 189
1747955661 69
1747956848 638
1747957955 372
1747958826 724
1747960882 436
1747961120 221
1747961199 413
1747961594 89
1747963809 402
1747966499 103
1747967052 615
1747968634 50
1747968872 635
1747971957 865
1747971957 271
1747972827 689
1747975912 373
1747976624 155
1747976782 205
1747977890 810
1747978127 793
1747980658 943
1747981845 253
1747983664 549
1747985167 843
1747985958 932
1747986749 653
1747988885 863
1747989122 208
1747989597 215
1747990072 157
1747990072 628
1747991337 580
1747992840 746
1747995846 832
1747996321 677
1747997745 255
1747998536 957
1748001067 931
1748002570 740
1748004469 127
1748005813 911
1748005972 88
1748006604 474
1748007395 477
1748009057 203
1748009689 315
1748010085 658
1748011272 305
1748012142 348
1748014119 266
1748016176 615
1748017521 497
1748017679 967
1748021397 428
1748025194 895
1748026222 436
1748026776 586
1748027171 544
1748029940 387
1748032788 391
1748032867 376
1748033974 737
1748034053 227
1748034212 495
1748034607 622
1748035556 820
1748037455 229
1748038325 562
1748040698 57
1748040856 603
1748043071 945
1748043309 650
1748045286 323
1748047818 904
1748048213 757
1748049637 639
1748053909 70
1748055807 358
1748056282 516
1748058655 222
1748058971 87
1748059525 916
1748061028 133
1748065062 8
1748065062 856
1748066802 439
1748067435 570
1748068622 745
1748076611 968
1748077719 245
1748081279 196
1748087370 318
1748088240 318
1748089426 863
1748089426 905
1748090929 884
1748092195 909
1748092511 693
1748094884 815
1748094963 173
1748098919 563
1748100184 547
1748101371 140
1748101925 408
1748102399 808
1748102557 123
1748103507 779
1748104456 605
1748105563 40
1748107937 714
1748109044 754
1748109281 646
1748109598 329
1748110784 353
1748111971 781
1748112683 303
1748113790 779
1748114819 761
1748115451 14
1748117271 236
1748117666 442
1748118536 730
1748120198 715
1748121542 302
1748122808 369
1748123441 786
1748127554 41
1748128108 983
1748129848 430
1748133092 444
1748136414 45
1748136730 898
1748137205 621
1748137680 898
1748138550 818
1748138708 699
1748139736 600
1748140211 270
1748141951 229
1748144403 37
1748146935 628
1748147172 374
1748148517 254
1748150020 213
1748150336 616
1748150574 60
1748152314 98
1748153184 384
1748153580 530
1748157297 140
1748159591 370
1748162676 831
1748166078 401
1748167976 738
1748169163 107
1748169875 123
1748170033 742
1748170350 254
1748171220 751
1748171615 865
1748175096 421
1748175254 127
1748176520 69
1748176678 629
1748176994 737
1748177232 457
1748178102 530
1748178655 504
1748179051 776
1748182057 252
1748183639 384
1748183876 277
1748183955 255
1748185142 732
1748185379 499
1748189255 806
1748190126 142
1748191470 42
1748193606 610
1748195584 498
1748198431 958
1748200488 709
1748201991 204
1748202782 208
1748204602 7
1748207845 922
1748208240 284
1748209427 73
1748211325 850
1748211484 848
1748212196 931
1748213224 735
1748213540 862
1748214885 941
1748215597 541
1748216151 605
1748218366 721
1748218603 669
1748218998 998
1748219394 905
1748219790 624
1748220185 406
1748221292 76
1748222637 204
1748222795 474
1748223587 239
1748227383 313
1748227542 381
1748229440 778
1748229915 3
1748230785 650
1748231260 875
1748232209 914
1748232683 283
1748233158 491
1748233475 302
1748234582 238
1748234977 825
1748236639 556
1748238142 207
1748239803 47
1748241622 700
1748241860 307
1748242255 999
1748244154 589
1748244233 201
1748245024 231
1748247239 266
1748249612 237
1748249849 668
1748253013 899
1748255149 351
1748255703 232
1748256336 845
1748259737 121
1748259974 7
1748260765 943
1748263692 931
1748263850 914
1748265670 578
1748267647 61
1748270732 81
1748271128 694
1748271365 696
1748272077 66
1748274609 459
1748275716 177
1748277219 260
1748278880 988
1748278880 432
1748279117 779
1748279434 86
1748279671 174
1748281332 618
1748281570 354
1748282835 125
1748289876 733
1748292407 947
1748292802 512
1748293277 878
1748295176 722
1748295967 104
1748298102 52
1748300555 331
1748300792 281
1748302453 395
1748302611 986
1748306329 4
1748307437 619
1748308623 379
1748308861 593
1748308940 871
1748309968 728
1748311946 157
1748312420 582
1748315110 411
1748316692 442
1748317799 128
1748318828 463
1748321913 230
1748322387 206
1748325710 349
1748326026 803
1748326105 957
1748326896 533
1748327766 231
1748328162 477
1748332117 669
1748332434 104
1748333145 68
1748333778 518
1748333857 318
1748337971 840
1748340107 141
1748340581 914
1748340739 663
1748341926 451
1748342796 355
1748344299 34
1748344457 770
1748347463 426
1748349599 764
1748350627 550
1748353633 402
1748354266 639
1748354820 552
1748354978 765
1748356956 998
1748356956 489
1748358221 744
1748359012 973
1748359724 258
1748360990 832
1748361386 331
1748364392 228
1748366369 357
1748367635 875
1748367793 896
1748368663 129
1748368742 263
1748368900 302
1748370245 497
1748370403 25
1748371511 769
1748373172 325
1748375783 112
1748376890 853
1748376969 917
1748377523 332
1748380529 682
1748385275 392
1748387253 739
1748388597 127
1748390733 355
1748390891 21
1748391761 701
1748392869 334
1748394135 915
1748394688 549
1748396429 336
1748399514 572
1748402599 413
1748403073 840
1748407266 649
1748408927 605
1748409243 465
1748409560 927
1748410746 465
1748411537 827
1748411775 687
1748412724 879
1748412882 287
1748414148 667
1748416363 813
1748417312 349
1748418103 535
1748420634 538
1748421030 598
1748422849 611
1748424669 296
1748425855 804
1748426725 281
1748426725 730
1748430760 468
1748431076 199
1748431313 311
1748435743 612
1748436930 518
1748437404 344
1748437800 550
1748438354 2
1748439382 214
1748439857 316
1748440806 83
1748440885 32
1748441676 984
1748442230 963
1748443495 650
1748447609 668
1748448716 494
1748449982 445
1748452118 405
1748453304 390
1748455836 401
1748456073 534
1748456231 497
1748457972 78
1748458842 799
1748459395 288
1748462401 95
1748463113 472
1748463113 156
1748464933 94
1748465961 364
1748466989 964
1748468888 302
1748469283 408
1748470233 781
1748471103 489
1748473001 740
1748474346 622
1748475058 70
1748480279 901
1748480516 276
1748480595 107
1748480595 112
1748483206 676
1748483601 432
1748483601 288
1748485579 281
1748491432 770
1748492856 365
1748494201 171
1748495467 511
1748496812 937
1748498077 946
1748502665 980
1748504089 325
1748504880 35
1748505513 176
1748506146 233
1748509231 725
1748512316 378
1748512632 369
1748514768 723
1748514926 63
1748515559 557
1748516113 851
1748516350 674
1748519514 481
1748520068 742
1748522204 705
1748522362 838
1748523390 754
1748523786 692
1748524023 123
1748525684 600
1748525843 374
1748528295 589
1748528690 48
1748529640 968
1748530510 384
1748530510 239
1748531617 807
1748534623 709
1748535098 422
1748535493 835
1748535968 364
1748536680 100
1748537155 679
1748539053 398
1748542771 656
1748543246 24
1748544116 534
1748544749 50
1748545935 682
1748547359 769
1748549890 315
1748551472 90
1748551789 632
1748554320 688
1748555190 967
1748556851 735
1748557405 724
1748559383 840
1748560016 738
1748561360 833
1748561914 832
1748564920 990
1748565711 140
1748570853 359
1748572277 627
1748573305 638
1748573859 848
1748574887 392
1748576153 680
1748578763 430
1748581769 343
1748581927 26
1748582560 925
1748588018 725
1748589917 534
1748590471 690
1748590708 915
1748593239 229
1748593872 96
1748594821 182
1748595929 472
1748596562 169
1748596720 275
1748597353 339
1748602257 654
1748602574 815
1748604472 152
1748605263 193
1748605738 780
1748606133 387
1748607873 884
1748610484 267
1748612699 331
1748616417 843
1748616575 532
1748620293 98
1748620767 852
1748625988 776
1748628441 66
1748630339 460
1748631130 232
1748632237 352
1748633029 679
1748633503 922
1748635243 642
1748635876 935
1748637458 113
1748638012 644
1748638170 157
1748639594 74
1748640860 626
1748642442 189
1748643866 873
1748644340 761
1748644736 494
1748644815 257
1748645131 255
1748646397 864
1748646951 339
1748647188 246
1748648533 491
1748651222 540
1748651302 402
1748652963 363
1748654228 715
1748655336 462
1748657076 119
1748657630 815
1748658104 537
1748658737 136
1748659687 599
